<svg xmlns="http://www.w3.org/2000/svg" viewBox="0 0 1440 120" preserveAspectRatio="none">

  <path fill="#e1f5fe">
    <animate attributeName="d" dur="12s" repeatCount="indefinite" values="
      M0,60
      C180,10 360,110 540,60
      C720,10 900,110 1080,60
      C1260,10 1440,110 1440,60
      L1440,0 L0,0 Z;

      M0,60
      C180,110 360,10 540,60
      C720,110 900,10 1080,60
      C1260,110 1440,10 1440,60
      L1440,0 L0,0 Z;

      M0,60
      C180,10 360,110 540,60
      C720,10 900,110 1080,60
      C1260,10 1440,110 1440,60
      L1440,0 L0,0 Z
      "></animate>
  </path>
</svg>
